N =  48.3313 + 3.24587E-5 * d
i = 7.0047 + 5.00E-8 * d
w =  29.1241 + 1.01444E-5 * d
a = 0.387098  (AU)
e = 0.205635 + 5.59E-10 * d
M = 168.6562 + 4.0923344368 * d
