N = 125.1228 - 0.0529538083 * d
i = 5.1454
w = 318.0634 + 0.1643573223 * d
a = 60.2666  (Earth radii)
e = 0.054900
M = 115.3654 + 13.0649929509 * d
