N = 0.0
i = 0.0
w = 282.9404 + 4.70935E-5 * d
a = 1.000000  (AU)
e = 0.016709 - 1.151E-9 * d
M = 356.0470 + 0.9856002585 * d
